\begin{table}[H]
\centering
\caption{Correlation Matrix: Daily Returns \& Macroeconomic Variables}
\label{tab:correlation_matrix}
\begin{safetable}
\begin{tabular}{lrrrrrrrr}
\toprule
 &  Daily\_Return\_AAPL & Daily\_Return\_BDO & Daily\_Return\_BTC & Daily\_Return\_SPY & VIX & FEDFUNDS & CPI & DGS10 \\
\midrule
Daily\_Return\_AAPL & 1.0000 & 0.1072 & 0.2899 & 0.7869 & -0.1289 & -0.0091 & -0.0175 & -0.0217\\
Daily\_Return\_BDO & 0.1072 & 1.0000 & 0.0880 & 0.1309 & -0.0388 & -0.0052 & -0.0092 & -0.0134\\
Daily\_Return\_BTC & 0.2899 & 0.0880 & 1.0000 & 0.3764 & -0.0667 & -0.0088 & -0.0366 & -0.0335\\
Daily\_Return\_SPY & 0.7869 & 0.1309 & 0.3764 & 1.0000 & -0.1585 & 0.0056 & 0.0004 & -0.0016\\
VIX & -0.1289 & -0.0388 & -0.0667 & -0.1585 & 1.0000 & -0.4537 & -0.4536 & -0.4650\\
FEDFUNDS & -0.0091 & -0.0052 & -0.0088 & 0.0056 & -0.4537 & 1.0000 & 0.8714 & 0.9199\\
CPI & -0.0175 & -0.0092 & -0.0366 & 0.0004 & -0.4536 & 0.8714 & 1.0000 & 0.9579\\
DGS10 & -0.0217 & -0.0134 & -0.0335 & -0.0016 & -0.4650 & 0.9199 & 0.9579 & 1.0000\\
\bottomrule
\end{tabular}
\end{safetable}
\end{table}
